7 10
2 17
19 17
5 3
4 11
10 5
11 6
5 4
16 2
17 4
15 3
4 0
15 15
16 2
8 7
13 12
18 10
16 3
11 12
1 17
3 18
3 9
8 20
7 3
12 4
18 16
13 12
19 15
18 20
3 20
0 14
0 17
12 0
3 7
20 10
7 10
4 8
20 4
13 5
4 11
8 5
9 1
1 19
13 11
9 3
12 18
10 14
11 12
5 0
6 19
1 12
14 15
1 19
10 10
14 11
9 2
6 18
18 14
16 8
16 9
14 14
20 14
17 7
1 3
5 17
8 17
20 15
16 16
1 10
6 2
11 2
6 15
19 19
16 6
0 7
19 8
19 4
12 10
2 19
10 19
17 11
14 0
19 9
8 6
13 3
12 7
9 5
8 14
9 10
20 5
4 5
15 14
12 7
16 20
0 1
8 9
9 1
0 10
15 11
5 19
